% MATLAB PROGRAM <gold31code.m>
% geração de uma tabela de 4 sequências Gold
% de comprimento 31.
GPN=[1   1   1  -1
    -1   1  -1   1
    -1  -1   1   1  
     1   1  -1  -1
    -1  -1  -1  -1
     1   1   1   1
     1   1  -1  -1
    -1  -1  -1   1
    -1   1  -1  -1
     1  -1  -1   1
    -1  -1   1   1
     1   1  -1   1
     1  -1  -1  -1
    -1   1   1   1
     1  -1   1   1
    -1   1   1  -1
    -1  -1   1  -1
    -1   1   1  -1
     1   1   1  -1
     1  -1   1   1
     1  -1   1  -1
     1   1  -1  -1
     1   1   1   1
     1   1  -1  -1
    -1  -1  -1  -1
     1   1  -1   1
     1  -1  -1  -1
    -1   1  -1   1
     1   1  -1  -1
     1   1   1   1
     1   1   1   1];
     
